# Этот файл был сгенерирован тНавигатор v25.1-3957-g1cda188570a2.
# Copyright (C) Интегрированные разработки для моделирования 2005-2025.
# Все права защищены.

String Well Name
Float Value
6681.464250 74209.619818 1086.291772 WELL_067 3.199788
7508.888802 75459.732152 1089.016511 WELL_037 2.561099
6553.968530 74475.998353 1088.187495 WELL_021 3.822389
8522.239618 73693.177562 1079.848167 WELL_002 3.196192
12064.490258 71144.045426 1085.856256 WELL_052 5.176483
14724.794254 74217.451356 1088.652806 WELL_008 3.166437
6008.124204 73051.699212 1083.127596 WELL_007 4.203376
10083.419712 72227.139181 1092.252818 WELL_066 4.975534
8726.815925 71910.110726 1081.619165 WELL_016 5.062884
7129.205712 73092.344004 1083.255464 WELL_072 6.640586
7819.008167 75408.884310 1086.064977 WELL_041 5.325555
7236.387485 74347.779348 1078.358428 WELL_004 3.255366
5702.371143 73305.662357 1090.497828 WELL_068 3.095755
6355.327755 73956.393249 1097.905227 WELL_024 3.790040
10509.200356 74296.415942 1089.813855 WELL_019 1.599962
6721.817810 75156.615962 1085.735972 WELL_042 5.043631
12451.728740 69915.005292 1089.122929 WELL_059 4.990742
10101.937027 70773.713992 1097.752998 WELL_057 2.556900
8189.673828 74367.143833 1085.963848 WELL_012 4.261009
6657.272365 75846.940172 1091.893333 WELL_036 3.951863
10227.681772 74240.350842 1094.374312 WELL_030 1.203104
12895.648468 71338.157897 1089.860078 WELL_054 1.759311
6431.582044 75453.078644 1092.917346 WELL_076 2.972343
6365.122155 74883.686562 1094.208958 WELL_033 4.043034
12412.669302 73042.351929 1094.236049 WELL_075 5.398164
9227.082572 74290.889475 1085.149625 WELL_005 1.048332
7688.558760 75045.193397 1080.827961 WELL_040 4.552512
11400.370736 73434.144852 1094.509477 WELL_031 3.228348
5847.853801 74367.598150 1098.972498 WELL_022 4.351568
6858.211975 75555.543587 1082.677610 WELL_039 3.369096
13218.270677 71637.592253 1091.109531 WELL_051 2.720010
8269.768876 73135.632140 1086.271812 WELL_010 4.927198
8724.767395 71484.527692 1077.511761 WELL_032 3.000490
11333.217461 69499.783459 1097.035089 WELL_060 2.843692
8475.581941 73353.309733 1082.624547 WELL_009 4.583957
9456.640664 73599.408127 1093.661909 WELL_065 2.898100
7396.441668 75181.404489 1084.305511 WELL_044 0.984930
11893.250245 70288.661697 1094.604665 WELL_058 2.043482
7492.098040 75775.844841 1089.893395 WELL_026 3.784132
10292.912567 74763.265400 1092.340339 WELL_020 3.182589
11168.328104 70519.153293 1092.147185 WELL_056 4.999936
10221.969887 74497.136519 1093.476738 WELL_029 2.878640
5595.713817 73688.917795 1087.932411 WELL_023 3.223688
8268.311733 71701.345201 1093.728724 WELL_064 1.608579
8729.235522 72230.377602 1085.763240 WELL_015 5.306508
6833.721969 73001.663920 1083.790343 WELL_073 7.373750
7422.697651 73225.546330 1086.594574 WELL_071 3.369221
11740.750407 69820.094183 1096.751968 WELL_050 4.144016
13632.813313 73689.253179 1095.385511 WELL_048 1.349863
12206.742898 73431.563300 1097.482210 WELL_047 0.700000
6806.529874 73435.760642 1082.171550 WELL_003 5.559369
12558.022226 70571.385474 1089.764583 WELL_053 6.170959
7855.168085 75751.671263 1080.121462 WELL_035 5.378642
10884.503674 69831.368135 1092.405221 WELL_038 2.423088
10413.508390 74018.057379 1091.810488 WELL_018 1.475088
7150.576300 74998.660895 1081.079751 WELL_045 3.097298
7036.344784 72405.907841 1100.680244 WELL_062 1.903062
9937.947891 72773.500873 1086.703794 WELL_006 3.841705
13585.300363 70822.758252 1084.197707 WELL_055 4.467953
11102.965609 72428.778206 1093.367755 WELL_017 5.148748
7116.191597 74114.714307 1084.238439 WELL_025 2.474500
10907.452007 72635.326888 1095.364793 WELL_014 2.937129
6818.312449 76217.944860 1097.980908 WELL_034 3.467111
10257.955225 73399.253921 1092.988860 WELL_074 1.084050
7078.543998 75292.250487 1084.095671 WELL_043 3.875046
8693.095865 72899.759514 1093.059520 WELL_063 4.171488
8402.836453 74085.650220 1082.920757 WELL_011 3.944142
