# Этот файл был сгенерирован тНавигатор v25.1-3957-g1cda188570a2.
# Copyright (C) Интегрированные разработки для моделирования 2005-2025.
# Все права защищены.

String Well Name
Float Value
6681.464250 74209.619818 1086.291772 WELL_067 8.616969
7508.888802 75459.732152 1089.016510 WELL_037 7.908260
8189.673827 74367.143833 1085.963847 WELL_012 8.628665
10292.912567 74763.265400 1092.340341 WELL_020 8.171036
6818.312449 76217.944860 1097.980907 WELL_034 8.857616
14724.794254 74217.451356 1088.652805 WELL_008 7.824957
10907.452007 72635.326889 1095.364792 WELL_014 7.778467
10083.419713 72227.139180 1092.252817 WELL_066 9.259748
8726.815925 71910.110726 1081.619165 WELL_016 9.720798
6833.721952 73001.663906 1083.790363 WELL_073 9.530851
7819.008167 75408.884310 1086.064976 WELL_041 8.712596
8402.836452 74085.650223 1082.920764 WELL_011 8.883420
12064.490251 71144.045417 1085.856245 WELL_052 9.047572
6806.529874 73435.760642 1082.171549 WELL_003 9.675498
11740.750407 69820.094182 1096.751964 WELL_050 8.781152
8724.767395 71484.527692 1077.511759 WELL_032 9.053388
10509.200356 74296.415942 1089.813852 WELL_019 5.932462
6721.817810 75156.615962 1085.735971 WELL_042 9.179915
11893.250245 70288.661697 1094.604664 WELL_058 7.516182
13632.813314 73689.253179 1095.385510 WELL_048 7.789799
10101.937028 70773.713993 1097.752998 WELL_057 8.083707
11102.965609 72428.778207 1093.367754 WELL_017 8.970871
5702.371144 73305.662357 1090.497827 WELL_068 8.310353
10227.681777 74240.350844 1094.374303 WELL_030 6.583669
7129.205712 73092.344005 1083.255464 WELL_072 9.340668
12558.022227 70571.385473 1089.764582 WELL_053 9.078631
6431.582045 75453.078644 1092.917345 WELL_076 8.315443
6365.122155 74883.686562 1094.208957 WELL_033 8.806959
12412.669302 73042.351929 1094.236048 WELL_075 9.616652
7236.387485 74347.779348 1078.358427 WELL_004 9.898471
7688.558759 75045.193398 1080.827960 WELL_040 8.080721
6553.968530 74475.998353 1088.187495 WELL_021 8.597905
5847.853802 74367.598150 1098.972497 WELL_022 9.729150
10884.503675 69831.368134 1092.405220 WELL_038 8.004078
7221.234418 75585.486222 1091.199810 WELL_001 5.773264
8269.768876 73135.632140 1086.271811 WELL_010 10.217565
6008.124205 73051.699213 1083.127595 WELL_007 9.220514
11333.217461 69499.783459 1097.035088 WELL_060 7.790900
9937.947891 72773.500873 1086.703793 WELL_006 7.792123
9456.640664 73599.408127 1093.661908 WELL_065 7.285170
7396.441668 75181.404489 1084.305509 WELL_044 6.801011
7492.098040 75775.844842 1089.893397 WELL_026 6.686359
11400.370736 73434.144851 1094.509476 WELL_031 8.977210
5548.410742 74154.937737 1087.758942 WELL_061 7.452243
10221.969888 74497.136519 1093.476737 WELL_029 7.043541
6355.327755 73956.393250 1097.905226 WELL_024 8.527136
8268.311733 71701.345202 1093.728723 WELL_064 6.609828
8729.235522 72230.377602 1085.763239 WELL_015 9.678391
9304.439989 73938.319148 1093.389226 WELL_046 6.516390
7422.697651 73225.546331 1086.594573 WELL_071 8.376695
12451.728739 69915.005291 1089.122928 WELL_059 9.019649
12895.648469 71338.157895 1089.860077 WELL_054 7.374171
12206.742898 73431.563300 1097.482210 WELL_047 6.784413
8522.239618 73693.177562 1079.848168 WELL_002 8.292368
11168.328104 70519.153293 1092.147185 WELL_056 9.388252
7855.168085 75751.671263 1080.121462 WELL_035 9.345982
10413.508390 74018.057379 1091.810487 WELL_018 6.474655
7150.576300 74998.660895 1081.079750 WELL_045 8.479213
7036.344785 72405.907841 1100.680243 WELL_062 7.525088
9227.082571 74290.889476 1085.149624 WELL_005 6.844013
13218.270678 71637.592251 1091.109530 WELL_051 7.845792
13585.300363 70822.758252 1084.197707 WELL_055 8.495666
5595.713816 73688.917794 1087.932413 WELL_023 7.985491
7116.191596 74114.714307 1084.238436 WELL_025 7.361306
6858.211975 75555.543587 1082.677609 WELL_039 8.160457
6657.272365 75846.940172 1091.893333 WELL_036 8.845260
10257.955225 73399.253921 1092.988859 WELL_074 6.024438
7078.543997 75292.250486 1084.095670 WELL_043 8.818321
8693.095865 72899.759514 1093.059520 WELL_063 9.116014
8475.581941 73353.309733 1082.624546 WELL_009 8.805858
